LD1K1_2_.WAV
1.0 1.0
1.0 1.0
1.0 1.0
ZK1D1_1_.WAV
1.0 1.0
1.0 1.0
1.0 1.0
BC1M1_1_.WAV
0.0 0.0
0.0 0.0
0.0 0.0
AK1C1_4_.WAV
0.0 0.0
0.0 0.0
0.0 0.0
AK1C1_2_.WAV
1.0 1.0
1.0 1.0
1.0 1.0
IS1K1_3_.WAV
1.0 1.0
1.0 1.0
1.0 1.0
LD1K1_6_.WAV
1.0 1.0
1.0 1.0
1.0 1.0
JK1M1_2_.WAV
1.0 1.0
1.0 1.0
1.0 1.0
LD1K1_9_.WAV
1.0 1.0
1.0 1.0
1.0 1.0
ZK1D1_9_.WAV
1.0 1.0
1.0 1.0
1.0 1.0
BC1M1_0_.WAV
1.0 1.0
1.0 1.0
1.0 1.0
IS1K1_4_.WAV
0.0 0.0
0.0 0.0
0.0 0.0
JK1M1_7_.WAV
1.0 1.0
1.0 1.0
1.0 1.0
BC1M1_6_.WAV
1.0 1.0
1.0 1.0
1.0 1.0
LD1K1_0_.WAV
1.0 1.0
1.0 1.0
1.0 1.0
IS1K1_2_.WAV
1.0 1.0
1.0 1.0
1.0 1.0
JK1M1_4_.WAV
0.0 0.0
0.0 0.0
0.0 0.0
AK1C1_6_.WAV
1.0 1.0
1.0 1.0
1.0 1.0
LD1K1_5_.WAV
1.0 1.0
1.0 1.0
1.0 1.0
IS1K1_1_.WAV
1.0 1.0
1.0 1.0
1.0 1.0
LD1K1_3_.WAV
1.0 1.0
1.0 1.0
1.0 1.0
JK1M1_3_.WAV
1.0 1.0
1.0 1.0
1.0 1.0
ZK1D1_4_.WAV
1.0 1.0
1.0 1.0
1.0 1.0
LD1K1_7_.WAV
1.0 1.0
1.0 1.0
1.0 1.0
IS1K1_7_.WAV
0.0 0.0
0.0 0.0
0.0 0.0
JK1M1_5_.WAV
1.0 1.0
1.0 1.0
1.0 1.0
BC1M1_7_.WAV
0.0 0.0
0.0 0.0
0.0 0.0
IS1K1_9_.WAV
0.0 0.0
0.0 0.0
0.0 0.0
JK1M1_8_.WAV
1.0 1.0
1.0 1.0
1.0 1.0
IS1K1_6_.WAV
1.0 1.0
1.0 1.0
1.0 1.0
BC1M1_3_.WAV
1.0 1.0
1.0 1.0
1.0 1.0
AK1C1_0_.WAV
0.0 0.0
0.0 0.0
0.0 0.0
JK1M1_6_.WAV
1.0 1.0
1.0 1.0
1.0 1.0
JK1M1_1_.WAV
1.0 1.0
1.0 1.0
1.0 1.0
AK1C1_9_.WAV
1.0 1.0
1.0 1.0
1.0 1.0
LD1K1_4_.WAV
1.0 1.0
1.0 1.0
1.0 1.0
AK1C1_3_.WAV
0.0 0.0
0.0 0.0
0.0 0.0
IS1K1_0_.WAV
1.0 1.0
1.0 1.0
1.0 1.0
JK1M1_9_.WAV
0.0 0.0
0.0 0.0
0.0 0.0
IS1K1_5_.WAV
1.0 1.0
1.0 1.0
1.0 1.0
ZK1D1_3_.WAV
1.0 1.0
1.0 1.0
1.0 1.0
ZK1D1_0_.WAV
1.0 1.0
1.0 1.0
1.0 1.0
IS1K1_8_.WAV
1.0 1.0
1.0 1.0
1.0 1.0
AK1C1_8_.WAV
1.0 1.0
1.0 1.0
1.0 1.0
LD1K1_8_.WAV
1.0 1.0
1.0 1.0
1.0 1.0
ZK1D1_2_.WAV
1.0 1.0
1.0 1.0
1.0 1.0
ZK1D1_7_.WAV
1.0 1.0
1.0 1.0
1.0 1.0
ZK1D1_6_.WAV
1.0 1.0
1.0 1.0
1.0 1.0
BC1M1_9_.WAV
0.0 0.0
0.0 0.0
0.0 0.0
BC1M1_8_.WAV
1.0 1.0
1.0 1.0
1.0 1.0
AK1C1_5_.WAV
1.0 1.0
1.0 1.0
1.0 1.0
JK1M1_0_.WAV
1.0 1.0
1.0 1.0
1.0 1.0
BC1M1_4_.WAV
0.0 0.0
0.0 0.0
0.0 0.0
BC1M1_2_.WAV
1.0 1.0
1.0 1.0
1.0 1.0
ZK1D1_8_.WAV
0.0 0.0
0.0 0.0
0.0 0.0
AK1C1_1_.WAV
1.0 1.0
1.0 1.0
1.0 1.0
ZK1D1_5_.WAV
1.0 1.0
1.0 1.0
1.0 1.0
BC1M1_5_.WAV
1.0 1.0
1.0 1.0
1.0 1.0
LD1K1_1_.WAV
1.0 1.0
1.0 1.0
1.0 1.0
AK1C1_7_.WAV
0.0 0.0
0.0 0.0
0.0 0.0
